0 -66.8932 -66.8932 2 1 0
-4.04718e-05 -66.8912 -66.8912 1 1 0
-8.09084e-05 -66.8892 -66.8892 1 1 0
-0.000161688 -66.8853 -66.8853 1 1 0
-0.000322872 -66.8774 -66.8774 1 1 0
-0.000643718 -66.8616 -66.8616 1 1 0
-0.00112113 -66.838 -66.838 1 1 0
-0.00182841 -66.8028 -66.8028 1 1 0
-0.00286886 -66.7503 -66.7503 1 1 0
-0.00438202 -66.6725 -66.6725 1 1 0
-0.00654169 -66.5582 -66.5582 1 1 0
-0.00876249 -66.4361 -66.4361 1 1 0
-0.011021 -66.3067 -66.3067 1 1 0
-0.0132925 -66.1704 -66.1704 1 1 0
-0.0155528 -66.0276 -66.0276 1 1 0
-0.0177785 -65.8788 -65.8788 1 1 0
-0.0199483 -65.7244 -65.7244 1 1 0
-0.0220426 -65.5645 -65.5645 1 1 0
-0.0240432 -65.3992 -65.3992 1 1 0
-0.0259327 -65.2286 -65.2286 1 1 0
-0.0276939 -65.0526 -65.0526 1 1 0
-0.0293093 -64.8711 -64.8711 1 1 0
-0.0307605 -64.6839 -64.6839 1 1 0
-0.0320275 -64.4906 -64.4906 1 1 0
-0.033088 -64.2909 -64.2909 1 1 0
-0.0339176 -64.0845 -64.0845 1 1 0
-0.0344883 -63.8711 -63.8711 1 1 0
-0.0347689 -63.6501 -63.6501 1 1 0
-0.034792 -63.5437 -63.5437 1 1 0

-0.0345941 -63.3209 -63.3209 2 1 0
-0.0337674 -63.0077 -63.0077 2 1 0
-0.0322521 -62.6872 -62.6872 2 1 0
-0.0299795 -62.3584 -62.3584 2 1 0
-0.0268655 -62.0203 -62.0203 2 1 0
-0.022808 -61.6721 -61.6721 2 1 0
-0.0176834 -61.313 -61.313 2 1 0
-0.0113413 -60.9424 -60.9424 2 1 0
-0.00359815 -60.5597 -60.5597 2 1 0
0.00500291 -60.1952 -60.1952 2 1 0
0.0143288 -59.851 -59.851 2 1 0
0.0243573 -59.5249 -59.5249 2 1 0
0.0350776 -59.2151 -59.2151 2 1 0
0.0464881 -58.9202 -58.9202 2 1 0
0.0585936 -58.6388 -58.6388 2 1 0
0.0714045 -58.3699 -58.3699 2 1 0
0.0849358 -58.1126 -58.1126 2 1 0
0.0992066 -57.8661 -57.8661 2 1 0
0.11424 -57.6295 -57.6295 2 1 0
0.130061 -57.4024 -57.4024 2 1 0
0.146702 -57.1841 -57.1841 2 1 0
0.164195 -56.9741 -56.9741 2 1 0
0.182579 -56.772 -56.772 2 1 0
0.201897 -56.5772 -56.5772 2 1 0
0.222198 -56.3896 -56.3896 2 1 0
0.243536 -56.2086 -56.2086 2 1 0
0.265974 -56.034 -56.034 2 1 0
0.289582 -55.8654 -55.8654 2 1 0
0.31444 -55.7027 -55.7027 2 1 0
0.340643 -55.5456 -55.5456 2 1 0
0.3683 -55.3938 -55.3938 2 1 0
0.397538 -55.2471 -55.2471 2 1 0
0.428509 -55.1054 -55.1054 2 1 0
0.461393 -54.9686 -54.9686 2 1 0
0.496409 -54.8364 -54.8364 2 1 0
0.533818 -54.7087 -54.7087 2 1 0
0.573942 -54.5854 -54.5854 2 1 0
0.617173 -54.4664 -54.4664 2 1 0
0.663993 -54.3516 -54.3516 2 1 0
0.714992 -54.2408 -54.2408 2 1 0
0.77089 -54.1341 -54.1341 2 1 0
0.832561 -54.0313 -54.0313 2 1 0
0.901053 -53.9324 -53.9324 2 1 0
0.977605 -53.8372 -53.8372 2 1 0
1.06365 -53.7458 -53.7458 2 1 0
1.16085 -53.6581 -53.6581 2 1 0
1.27103 -53.574 -53.574 2 1 0
1.39631 -53.4936 -53.4936 2 1 0
1.53908 -53.4168 -53.4168 2 1 0
1.70224 -53.3436 -53.3436 2 1 0
1.88951 -53.2739 -53.2739 2 1 0
2.10594 -53.2079 -53.2079 2 1 0
2.35885 -53.1455 -53.1455 2 1 0
2.65915 -53.0867 -53.0867 2 1 0
3.02381 -53.0317 -53.0317 2 1 0
3.4804 -52.9807 -52.9807 2 1 0
4.0769 -52.9339 -52.9339 2 1 0
4.90366 -52.8921 -52.8921 2 1 0
6.12369 -52.8572 -52.8572 2 1 0
7.83733 -52.8332 -52.8332 2 1 0
8.80024 -52.8252 -52.8252 2 1 0
9.78738 -52.8189 -52.8189 2 1 0
10.7831 -52.8136 -52.8136 2 1 0
0 -66.8932 -66.8932 2 1 0
-4.04717e-05 -66.8912 -66.8912 1 1 0
-8.09084e-05 -66.8892 -66.8892 1 1 0
-0.000161688 -66.8853 -66.8853 1 1 0
-0.000322872 -66.8774 -66.8774 1 1 0
-0.00064373 -66.8616 -66.8616 1 1 0
-0.00127934 -66.8302 -66.8302 1 1 0
-0.00252563 -66.7677 -66.7677 1 1 0
-0.00491563 -66.6447 -66.6447 1 1 0
-0.00924812 -66.4089 -66.4089 1 1 0
-0.0147054 -66.0832 -66.0832 1 1 0
-0.0210201 -65.6524 -65.6524 1 1 0
-0.0277053 -65.1002 -65.1002 1 1 0
-0.0340937 -64.4018 -64.4018 1 1 0
-0.0391742 -63.5352 -63.5352 2 1 0
-0.0403339 -62.8111 -62.8111 2 1 0
-0.0392838 -62.1556 -62.1556 2 1 0
-0.0365614 -61.5677 -61.5677 2 1 0
-0.0325279 -61.0324 -61.0324 2 1 0
-0.0274066 -60.5396 -60.5396 2 1 0
-0.021338 -60.0821 -60.0821 2 1 0
-0.0144108 -59.6547 -59.6547 2 1 0
-0.00667959 -59.2536 -59.2536 2 1 0
0.00182311 -58.8755 -58.8755 2 1 0
0.0110804 -58.518 -58.518 2 1 0
0.0210859 -58.179 -58.179 2 1 0
0.031841 -57.8568 -57.8568 2 1 0
0.043353 -57.5499 -57.5499 2 1 0
0.0556335 -57.2571 -57.2571 2 1 0
0.068698 -56.9772 -56.9772 2 1 0
0.0825655 -56.7092 -56.7092 2 1 0
0.097258 -56.4523 -56.4523 2 1 0
0.112801 -56.2057 -56.2057 2 1 0
0.129224 -55.9687 -55.9687 2 1 0
0.146558 -55.7406 -55.7406 2 1 0
0.164843 -55.5209 -55.5209 2 1 0
0.184118 -55.3092 -55.3092 2 1 0
0.204431 -55.1048 -55.1048 2 1 0
0.225835 -54.9075 -54.9075 2 1 0
0.248391 -54.7168 -54.7168 2 1 0
0.272168 -54.5323 -54.5323 2 1 0
0.297244 -54.3539 -54.3539 2 1 0
0.323711 -54.1811 -54.1811 2 1 0
0.351675 -54.0138 -54.0138 2 1 0
0.38126 -53.8517 -53.8517 2 1 0
0.412613 -53.6946 -53.6946 2 1 0
0.44591 -53.5423 -53.5423 2 1 0
0.481361 -53.3946 -53.3946 2 1 0
0.519221 -53.2514 -53.2514 2 1 0
0.559805 -53.1125 -53.1125 2 1 0
0.603498 -52.9778 -52.9778 2 1 0
0.650776 -52.8473 -52.8473 2 1 0
0.702233 -52.7207 -52.7207 2 1 0
0.7586 -52.598 -52.598 2 1 0
0.820785 -52.4791 -52.4791 2 1 0
0.889892 -52.3639 -52.3639 2 1 0
0.967259 -52.2523 -52.2523 2 1 0
1.05447 -52.1443 -52.1443 2 1 0
1.15338 -52.0398 -52.0398 2 1 0
1.2661 -51.9389 -51.9389 2 1 0
1.39503 -51.8413 -51.8413 2 1 0
1.54296 -51.7471 -51.7471 2 1 0
1.71321 -51.6563 -51.6563 2 1 0
1.91001 -51.5689 -51.5689 2 1 0
2.13924 -51.4848 -51.4848 2 1 0
2.40943 -51.4041 -51.4041 2 1 0
2.73361 -51.3268 -51.3268 2 1 0
3.13249 -51.253 -51.253 2 1 0
3.64061 -51.1829 -51.1829 2 1 0
4.31972 -51.1167 -51.1167 2 1 0
5.28621 -51.0555 -51.0555 2 1 0
6.71225 -51.0015 -51.0015 2 1 0
7.59807 -50.9781 -50.9781 2 1 0
8.64863 -50.955 -50.955 2 1 0
9.84191 -50.9317 -50.9317 2 1 0
11.0473 -50.9096 -50.9096 2 1 0
